{
 "cells": [
  {
   "cell_type": "code",
   "execution_count": 384,
   "id": "5b52d136",
   "metadata": {},
   "outputs": [],
   "source": [
    "import json\n",
    "from collections import Counter\n",
    "\n",
    "from cogent3 import PhyloNode\n",
    "import numpy as np\n",
    "from scipy import special\n",
    "from sklearn.cluster import SpectralClustering\n",
    "import pandas as pd\n",
    "import networkx as nx"
   ]
  },
  {
   "cell_type": "code",
   "execution_count": 205,
   "id": "d2d51945",
   "metadata": {},
   "outputs": [],
   "source": [
    "with open('../data/iq-tree-third.json') as fh:\n",
    "    iq_tree_third = json.load(fh)"
   ]
  },
  {
   "cell_type": "code",
   "execution_count": 402,
   "id": "bb8d40fa",
   "metadata": {},
   "outputs": [],
   "source": [
    "with open('white-dwarf-third.json') as fh:\n",
    "    third_triples, third_losses, third_params = json.load(fh)"
   ]
  },
  {
   "cell_type": "code",
   "execution_count": 207,
   "id": "bf69b719",
   "metadata": {},
   "outputs": [],
   "source": [
    "with open('neutron-second.json') as fh:\n",
    "    second_triples, second_losses, second_params = json.load(fh)"
   ]
  },
  {
   "cell_type": "code",
   "execution_count": 409,
   "id": "75aa2ea1",
   "metadata": {},
   "outputs": [],
   "source": [
    "def cherry_weights(lens, ls, N):\n",
    "    ls = N*ls\n",
    "    delta = ls - ls.min()\n",
    "    weights = np.exp(-delta)\n",
    "    weights = weights/weights.sum()\n",
    "    return lens*ls\n",
    "#    return weights\n",
    "    h = (-weights*np.log(weights))[weights != 0.].sum()\n",
    "    return lens*ls/(h + 1)\n",
    "#     print(ls)\n",
    "#     print(weights)\n",
    "#     print((ls == ls.min())/(h + 1))\n",
    "#     print()\n",
    "#    return (ls == ls.min())/(h + 1)\n",
    "    return weights/(h + 1)  # this was my favourite\n",
    "    if h < 1.2:\n",
    "        return weights\n",
    "        return (ls == ls.min())/(h+1)\n",
    "    return np.zeros(3, dtype=bool)\n",
    "\n",
    "def get_edges(triples, lengths, losses):\n",
    "    edges = Counter()\n",
    "    for ln, ls, (names, F) in zip(lengths, losses, triples):\n",
    "        weights = cherry_weights(ln, ls, F.sum())\n",
    "        for name, weight in zip(names, weights):\n",
    "            edges[frozenset(names) - {name}] += weight\n",
    "    # for edge in edges:\n",
    "    #   edges[edge] = np.exp(edges[edge])\n",
    "    return edges\n",
    "\n",
    "def pulsar(triples, learning_rate=0.01, steps=3000, verbose=False):\n",
    "    losses, parameters = fit_triples(triples, learning_rate=learning_rate,\n",
    "                         steps=steps, verbose=verbose)\n",
    "    lengths = [np.exp(p[:,2,2]) for p in parameters]\n",
    "    tree = pulsar_tree(triples, lengths, verbose=verbose)\n",
    "    return tree\n",
    "\n",
    "def edges_to_graph(edges):\n",
    "    G = nx.Graph()\n",
    "    for edge, weight in edges.items():\n",
    "        G.add_edge(*edge, weight=weight)\n",
    "    return G\n",
    "\n",
    "def normalised_cut(edges, verbose=False):\n",
    "    tips = np.unique([t for p in edges.keys() for t in p])\n",
    "    affinity = np.zeros((len(tips),)*2)\n",
    "    for i, tipi in enumerate(tips):\n",
    "        for j, tipj in enumerate(tips):\n",
    "            if i == j:\n",
    "                break\n",
    "            affinity[i, j] = edges[frozenset((tipi, tipj))]\n",
    "    affinity += affinity.T\n",
    "    sc = SpectralClustering(2, affinity='precomputed',  # random_state=0,\n",
    "                            assign_labels='discretize')\n",
    "    ix = sc.fit_predict(affinity).astype(bool)\n",
    "    partition = list(tips[ix]), list(tips[np.logical_not(ix)])\n",
    "    if verbose:\n",
    "        G = edges_to_graph(edges)\n",
    "        cut_value = nx.cut_size(G, partition[0], weight='weight')\n",
    "        print(f'Cut value: {cut_value}, Partition:\\n{partition}')\n",
    "    return partition\n",
    "    \n",
    "def min_cut(edges, verbose=False):\n",
    "    G = edges_to_graph(edges)\n",
    "    cut_value, partition = nx.stoer_wagner(G)\n",
    "    if verbose:\n",
    "        print(f'Cut value: {cut_value}, Partition:\\n{partition}')\n",
    "    return partition\n",
    "\n",
    "def pulsar_tree(triples, lengths, losses, verbose=False):\n",
    "    edges = get_edges(triples, lengths, losses)\n",
    "    if verbose:\n",
    "        print('Graph:')\n",
    "        for edge, weight in edges.items():\n",
    "            print(edge, weight)\n",
    "    partition = normalised_cut(edges, verbose)\n",
    "    assert len(partition) == 2, 'polytomy detected. bailing'\n",
    "    this_node = PhyloNode()\n",
    "    for part in partition:\n",
    "        if len(part) <= 1:\n",
    "            this_node.append(PhyloNode(part.pop()))\n",
    "            continue\n",
    "        elif len(part) == 2:\n",
    "            child = PhyloNode()\n",
    "            for grandchild in part:\n",
    "                child.append(PhyloNode(grandchild))\n",
    "            this_node.append(child)\n",
    "            continue\n",
    "    \n",
    "        part = set(part)\n",
    "        part_lengths = []\n",
    "        part_losses = []\n",
    "        part_triples = []\n",
    "        for ln, ls, (names, F) in zip(lengths, losses, triples):\n",
    "            if set(names) <= part:\n",
    "                part_lengths.append(ln)\n",
    "                part_losses.append(ls)\n",
    "                part_triples.append((names, F))\n",
    "        this_node.append(pulsar_tree(part_triples, part_lengths, part_losses, verbose=verbose))\n",
    "    return this_node"
   ]
  },
  {
   "cell_type": "code",
   "execution_count": 363,
   "id": "273e0837",
   "metadata": {},
   "outputs": [],
   "source": [
    "def get_trees(all_triples, all_lengths, all_losses):\n",
    "    trees = []\n",
    "    for i in range(0, len(all_losses), 4):\n",
    "        tree = pulsar_tree(all_triples[i:i+4], all_lengths[i:i+4], all_losses[i:i+4])\n",
    "        trees.append(tree)\n",
    "    return trees"
   ]
  },
  {
   "cell_type": "code",
   "execution_count": 410,
   "id": "93889de3",
   "metadata": {},
   "outputs": [],
   "source": [
    "all_triples = [(names, np.array(F)) for names, F in third_triples]\n",
    "all_parameters = np.array(third_params)\n",
    "all_lengths = all_lengths = [np.exp(p[:,1,2]) for p in all_parameters]\n",
    "all_losses = np.array(third_losses)"
   ]
  },
  {
   "cell_type": "code",
   "execution_count": 411,
   "id": "bad9d118",
   "metadata": {},
   "outputs": [],
   "source": [
    "trees = get_trees(all_triples, all_lengths, all_losses)"
   ]
  },
  {
   "cell_type": "code",
   "execution_count": 412,
   "id": "20aa4c8f",
   "metadata": {},
   "outputs": [],
   "source": [
    "ghb_siblings = Counter()\n",
    "ordered_siblings = []\n",
    "for tree in trees:\n",
    "    tree = tree.unrooted()\n",
    "    for sibling in tree.get_node_matching_name('Greater horseshoe bat').parent.children:\n",
    "        if sibling.name in ('Microbat', 'Pig', 'Horse'):\n",
    "            ghb_siblings[sibling.name] += 1\n",
    "            ordered_siblings.append(sibling.name)"
   ]
  },
  {
   "cell_type": "code",
   "execution_count": 413,
   "id": "c8614ddd",
   "metadata": {},
   "outputs": [
    {
     "data": {
      "text/plain": [
       "Counter({'Microbat': 471, 'Pig': 206, 'Horse': 201})"
      ]
     },
     "execution_count": 413,
     "metadata": {},
     "output_type": "execute_result"
    }
   ],
   "source": [
    "ghb_siblings"
   ]
  },
  {
   "cell_type": "code",
   "execution_count": 414,
   "id": "a4f2cf8f",
   "metadata": {},
   "outputs": [
    {
     "data": {
      "text/plain": [
       "0.5364464692482915"
      ]
     },
     "execution_count": 414,
     "metadata": {},
     "output_type": "execute_result"
    }
   ],
   "source": [
    "ghb_siblings['Microbat']/len(trees)"
   ]
  },
  {
   "cell_type": "code",
   "execution_count": 377,
   "id": "99811ec7",
   "metadata": {},
   "outputs": [],
   "source": [
    "siblings = list(ghb_siblings.keys())\n",
    "contingency = pd.DataFrame(np.zeros((3,3)), index=siblings, columns=siblings, dtype=int)\n",
    "for iqt, neu in zip(iq_tree_third, ordered_siblings):\n",
    "    contingency[iqt][neu] += 1"
   ]
  },
  {
   "cell_type": "code",
   "execution_count": 378,
   "id": "f9912d66",
   "metadata": {},
   "outputs": [
    {
     "data": {
      "text/html": [
       "<div>\n",
       "<style scoped>\n",
       "    .dataframe tbody tr th:only-of-type {\n",
       "        vertical-align: middle;\n",
       "    }\n",
       "\n",
       "    .dataframe tbody tr th {\n",
       "        vertical-align: top;\n",
       "    }\n",
       "\n",
       "    .dataframe thead th {\n",
       "        text-align: right;\n",
       "    }\n",
       "</style>\n",
       "<table border=\"1\" class=\"dataframe\">\n",
       "  <thead>\n",
       "    <tr style=\"text-align: right;\">\n",
       "      <th></th>\n",
       "      <th>Microbat</th>\n",
       "      <th>Pig</th>\n",
       "      <th>Horse</th>\n",
       "    </tr>\n",
       "  </thead>\n",
       "  <tbody>\n",
       "    <tr>\n",
       "      <th>Microbat</th>\n",
       "      <td>409</td>\n",
       "      <td>26</td>\n",
       "      <td>35</td>\n",
       "    </tr>\n",
       "    <tr>\n",
       "      <th>Pig</th>\n",
       "      <td>129</td>\n",
       "      <td>47</td>\n",
       "      <td>22</td>\n",
       "    </tr>\n",
       "    <tr>\n",
       "      <th>Horse</th>\n",
       "      <td>148</td>\n",
       "      <td>25</td>\n",
       "      <td>37</td>\n",
       "    </tr>\n",
       "  </tbody>\n",
       "</table>\n",
       "</div>"
      ],
      "text/plain": [
       "          Microbat  Pig  Horse\n",
       "Microbat       409   26     35\n",
       "Pig            129   47     22\n",
       "Horse          148   25     37"
      ]
     },
     "execution_count": 378,
     "metadata": {},
     "output_type": "execute_result"
    }
   ],
   "source": [
    "contingency"
   ]
  },
  {
   "cell_type": "code",
   "execution_count": 371,
   "id": "a014ba0c",
   "metadata": {},
   "outputs": [
    {
     "name": "stdout",
     "output_type": "stream",
     "text": [
      "Microbat Horse\n",
      "(['Greater horseshoe bat', 'Microbat', 'Pig'], array([0.19821926, 0.07906633, 0.00196951]), array([0.00443543, 0.00423496, 0.00491889]))\n",
      "(['Greater horseshoe bat', 'Microbat', 'Horse'], array([0.11762151, 0.04747485, 0.02076596]), array([0.00331525, 0.00305374, 0.00326237]))\n",
      "(['Greater horseshoe bat', 'Pig', 'Horse'], array([0.09926102, 0.04328114, 0.16752031]), array([0.0039668 , 0.00472621, 0.00463798]))\n",
      "(['Microbat', 'Pig', 'Horse'], array([0.1073656 , 0.00229436, 0.14175644]), array([0.0048999 , 0.00526641, 0.00573439]))\n",
      "                       Greater horseshoe bat  Microbat     Horse       Pig\n",
      "Greater horseshoe bat               0.000000  0.025321  0.114297  0.363558\n",
      "Microbat                            0.025321  0.000000  0.131463  0.553309\n",
      "Horse                               0.114297  0.131463  0.000000  0.300784\n",
      "Pig                                 0.363558  0.553309  0.300784  0.000000\n",
      "\n",
      "Microbat Horse\n",
      "(['Greater horseshoe bat', 'Microbat', 'Pig'], array([0.17019463, 0.1160101 , 0.1115416 ]), array([0.00572396, 0.00541259, 0.00561407]))\n",
      "(['Greater horseshoe bat', 'Microbat', 'Horse'], array([0.00247998, 0.13262214, 0.11784593]), array([0.00812799, 0.00842328, 0.00863936]))\n",
      "(['Greater horseshoe bat', 'Pig', 'Horse'], array([0.09788402, 0.13429029, 0.16962514]), array([0.00547911, 0.00556556, 0.00551215]))\n",
      "(['Microbat', 'Pig', 'Horse'], array([0.0052901 , 0.111606  , 0.13651494]), array([0.00889773, 0.00806232, 0.00935314]))\n",
      "                       Greater horseshoe bat  Microbat     Horse       Pig\n",
      "Greater horseshoe bat               0.000000  0.585376  0.663767  0.556398\n",
      "Microbat                            0.585376  0.000000  0.327506  0.801367\n",
      "Horse                               0.663767  0.327506  0.000000  0.207686\n",
      "Pig                                 0.556398  0.801367  0.207686  0.000000\n",
      "\n",
      "Pig Microbat\n",
      "(['Greater horseshoe bat', 'Microbat', 'Pig'], array([0.04394068, 0.00166881, 0.32468858]), array([0.00326376, 0.00330193, 0.00287439]))\n",
      "(['Greater horseshoe bat', 'Microbat', 'Horse'], array([0.00249643, 0.00441075, 0.30183208]), array([0.00415778, 0.00482208, 0.00417969]))\n",
      "(['Greater horseshoe bat', 'Pig', 'Horse'], array([0.0360115 , 0.00124764, 0.06075   ]), array([0.00300882, 0.00258634, 0.00232473]))\n",
      "(['Microbat', 'Pig', 'Horse'], array([0.00331532, 0.31260072, 0.06351463]), array([0.0040406 , 0.00325815, 0.00373941]))\n",
      "                       Greater horseshoe bat  Microbat     Horse       Pig\n",
      "Greater horseshoe bat               0.000000  0.750637  0.008378  0.050184\n",
      "Microbat                            0.750637  0.000000  0.351877  0.130274\n",
      "Horse                               0.008378  0.351877  0.000000  0.041638\n",
      "Pig                                 0.050184  0.130274  0.041638  0.000000\n",
      "\n",
      "Microbat Horse\n",
      "(['Greater horseshoe bat', 'Microbat', 'Pig'], array([0.29861948, 0.17193212, 0.25642917]), array([0.01140531, 0.01120278, 0.01135491]))\n",
      "(['Greater horseshoe bat', 'Microbat', 'Horse'], array([0.17682397, 0.17034012, 0.21277304]), array([0.0074777 , 0.00672899, 0.00708845]))\n",
      "(['Greater horseshoe bat', 'Pig', 'Horse'], array([0.10634214, 0.18338982, 0.33505848]), array([0.00862028, 0.0089163 , 0.00847724]))\n",
      "(['Microbat', 'Pig', 'Horse'], array([0.15303333, 0.21203389, 0.33414533]), array([0.01070629, 0.01123166, 0.01054305]))\n",
      "                       Greater horseshoe bat  Microbat     Horse       Pig\n",
      "Greater horseshoe bat               0.000000  2.090642  1.315590  2.254549\n",
      "Microbat                            2.090642  0.000000  1.751863  3.277303\n",
      "Horse                               1.315590  1.751863  0.000000  1.208570\n",
      "Pig                                 2.254549  3.277303  1.208570  0.000000\n",
      "\n",
      "Microbat Pig\n",
      "(['Greater horseshoe bat', 'Microbat', 'Pig'], array([0.46368292, 0.07899721, 0.22973531]), array([0.00397418, 0.00402576, 0.00411109]))\n",
      "(['Greater horseshoe bat', 'Microbat', 'Horse'], array([0.35032694, 0.11051128, 0.23794887]), array([0.00307163, 0.0031461 , 0.00316155]))\n",
      "(['Greater horseshoe bat', 'Pig', 'Horse'], array([0.25550233, 0.14859784, 0.40863749]), array([0.00312704, 0.00385666, 0.00377777]))\n",
      "(['Microbat', 'Pig', 'Horse'], array([0.2608099, 0.2334126, 0.4144319]), array([0.0029295 , 0.00290025, 0.00266636]))\n",
      "                       Greater horseshoe bat  Microbat     Horse       Pig\n",
      "Greater horseshoe bat               0.000000  2.455196  1.332356  2.693968\n",
      "Microbat                            2.455196  0.000000  2.536632  4.265439\n",
      "Horse                               1.332356  2.536632  0.000000  2.261676\n",
      "Pig                                 2.693968  4.265439  2.261676  0.000000\n",
      "\n",
      "Pig Microbat\n",
      "(['Greater horseshoe bat', 'Microbat', 'Pig'], array([0.06034864, 0.09396012, 0.55480034]), array([0.00738457, 0.00814663, 0.00706241]))\n",
      "(['Greater horseshoe bat', 'Microbat', 'Horse'], array([0.07361838, 0.08749925, 0.56834047]), array([0.00593164, 0.00668348, 0.00644369]))\n",
      "(['Greater horseshoe bat', 'Pig', 'Horse'], array([0.13638782, 0.14846747, 0.12386879]), array([0.00402123, 0.00392845, 0.00417276]))\n",
      "(['Microbat', 'Pig', 'Horse'], array([0.1257254 , 0.5530094 , 0.06774611]), array([0.00745902, 0.00683745, 0.00725785]))\n",
      "                       Greater horseshoe bat  Microbat     Horse       Pig\n",
      "Greater horseshoe bat               0.000000  8.012524  1.234625  1.355427\n",
      "Microbat                            8.012524  0.000000  4.458269  0.990768\n",
      "Horse                               1.234625  4.458269  0.000000  1.570950\n",
      "Pig                                 1.355427  0.990768  1.570950  0.000000\n",
      "\n",
      "Microbat Microbat\n",
      "(['Greater horseshoe bat', 'Microbat', 'Pig'], array([0.14932411, 0.16449201, 0.15233224]), array([0.00704281, 0.00582935, 0.00684981]))\n",
      "(['Greater horseshoe bat', 'Microbat', 'Horse'], array([0.17182386, 0.16490133, 0.16891407]), array([0.00682043, 0.00645684, 0.00667693]))\n",
      "(['Greater horseshoe bat', 'Pig', 'Horse'], array([0.17655889, 0.17743528, 0.16904017]), array([0.00406427, 0.0041635 , 0.00413131]))\n",
      "(['Microbat', 'Pig', 'Horse'], array([0.1915556 , 0.18184882, 0.11207776]), array([0.00622658, 0.00616369, 0.00618623]))\n",
      "                       Greater horseshoe bat  Microbat     Horse       Pig\n",
      "Greater horseshoe bat               0.000000  1.129063  0.937817  0.861764\n",
      "Microbat                            1.129063  0.000000  1.192242  0.907400\n",
      "Horse                               0.937817  1.192242  0.000000  0.993365\n",
      "Pig                                 0.861764  0.907400  0.993365  0.000000\n",
      "\n",
      "Horse Horse\n",
      "(['Greater horseshoe bat', 'Microbat', 'Pig'], array([0.17460889, 0.03923383, 0.09467171]), array([0.0069268 , 0.00769599, 0.00801419]))\n",
      "(['Greater horseshoe bat', 'Microbat', 'Horse'], array([0.13164962, 0.08958863, 0.13194059]), array([0.00533274, 0.00447643, 0.00476595]))\n",
      "(['Greater horseshoe bat', 'Pig', 'Horse'], array([0.04752801, 0.08514278, 0.17738744]), array([0.00673335, 0.00769007, 0.00633133]))\n",
      "(['Microbat', 'Pig', 'Horse'], array([0.06957573, 0.13073064, 0.15088177]), array([0.00779847, 0.00664813, 0.00657251]))\n",
      "                       Greater horseshoe bat  Microbat     Horse       Pig\n",
      "Greater horseshoe bat               0.000000  0.627168  0.477218  0.644119\n",
      "Microbat                            0.627168  0.000000  0.710168  0.994922\n",
      "Horse                               0.477218  0.710168  0.000000  0.389898\n",
      "Pig                                 0.644119  0.994922  0.389898  0.000000\n",
      "\n",
      "Microbat Horse\n",
      "(['Greater horseshoe bat', 'Microbat', 'Pig'], array([18.08602778,  0.44686541,  0.13353334]), array([0.01135488, 0.011367  , 0.00897531]))\n",
      "(['Greater horseshoe bat', 'Microbat', 'Horse'], array([0.77490234, 0.35123963, 0.20969959]), array([0.00898414, 0.00804908, 0.00817689]))\n",
      "(['Greater horseshoe bat', 'Pig', 'Horse'], array([0.79992554, 0.33717154, 2.64111234]), array([0.01029404, 0.00722769, 0.01025908]))\n",
      "(['Microbat', 'Pig', 'Horse'], array([0.62618265, 0.18772139, 1.92790952]), array([0.01070878, 0.00977756, 0.01023968]))\n",
      "                       Greater horseshoe bat    Microbat     Horse         Pig\n",
      "Greater horseshoe bat               0.000000    1.375028  2.484669   15.186549\n",
      "Microbat                            1.375028    0.000000  4.152321  106.249994\n",
      "Horse                               2.484669    4.152321  0.000000    7.051733\n",
      "Pig                                15.186549  106.249994  7.051733    0.000000\n",
      "\n",
      "Microbat Pig\n",
      "(['Greater horseshoe bat', 'Microbat', 'Pig'], array([0.11744632, 0.07799242, 0.08832711]), array([0.00693399, 0.00725258, 0.00701852]))\n",
      "(['Greater horseshoe bat', 'Microbat', 'Horse'], array([0.12414863, 0.05484363, 0.13021923]), array([0.00523263, 0.0053316 , 0.00522566]))\n",
      "(['Greater horseshoe bat', 'Pig', 'Horse'], array([0.09706843, 0.06562214, 0.17257492]), array([0.00699125, 0.00738035, 0.00700268]))\n",
      "(['Microbat', 'Pig', 'Horse'], array([0.13791597, 0.11691967, 0.12464972]), array([0.00496552, 0.00482448, 0.0049441 ]))\n",
      "                       Greater horseshoe bat  Microbat     Horse       Pig\n",
      "Greater horseshoe bat               0.000000  0.482451  0.288163  0.658203\n",
      "Microbat                            0.482451  0.000000  0.450283  0.530772\n",
      "Horse                               0.288163  0.450283  0.000000  0.505841\n",
      "Pig                                 0.658203  0.530772  0.505841  0.000000\n",
      "\n",
      "Microbat Horse\n",
      "(['Greater horseshoe bat', 'Microbat', 'Pig'], array([0.35819509, 0.18990429, 0.18482653]), array([0.00520342, 0.00495673, 0.00514738]))\n",
      "(['Greater horseshoe bat', 'Microbat', 'Horse'], array([0.22294726, 0.16649783, 0.22997817]), array([0.00627472, 0.00615544, 0.00643139]))\n",
      "(['Greater horseshoe bat', 'Pig', 'Horse'], array([0.14430178, 0.37422989, 0.2714928 ]), array([0.00437351, 0.00456262, 0.00426495]))\n",
      "(['Microbat', 'Pig', 'Horse'], array([0.13319258, 0.26599589, 0.30201085]), array([0.00631894, 0.00640125, 0.00614014]))\n",
      "                       Greater horseshoe bat  Microbat     Horse       Pig\n",
      "Greater horseshoe bat               0.000000  1.621111  1.822467  1.400171\n",
      "Microbat                            1.621111  0.000000  2.068793  2.480058\n",
      "Horse                               1.822467  2.068793  0.000000  0.982318\n",
      "Pig                                 1.400171  2.480058  0.982318  0.000000\n",
      "\n",
      "Microbat Microbat\n",
      "(['Greater horseshoe bat', 'Microbat', 'Pig'], array([0.07047118, 0.00382991, 0.26149081]), array([0.0067766 , 0.00860425, 0.00666794]))\n",
      "(['Greater horseshoe bat', 'Microbat', 'Horse'], array([0.08481141, 0.00354121, 0.24005862]), array([0.00657846, 0.00891828, 0.00757168]))\n",
      "(['Greater horseshoe bat', 'Pig', 'Horse'], array([0.07038414, 0.00282965, 0.04177646]), array([0.00912895, 0.01151861, 0.01250046]))\n",
      "(['Microbat', 'Pig', 'Horse'], array([0.06998341, 0.19991044, 0.01386899]), array([0.00737774, 0.00657791, 0.00778522]))\n",
      "                       Greater horseshoe bat  Microbat     Horse       Pig\n",
      "Greater horseshoe bat               0.000000  0.883191  0.015915  0.137684\n",
      "Microbat                            0.883191  0.000000  0.464484  0.145211\n",
      "Horse                               0.015915  0.464484  0.000000  0.287396\n",
      "Pig                                 0.137684  0.145211  0.287396  0.000000\n",
      "\n",
      "Microbat Horse\n",
      "(['Greater horseshoe bat', 'Microbat', 'Pig'], array([0.16459223, 0.12450109, 0.09668414]), array([0.00256568, 0.00282009, 0.00282003]))\n",
      "(['Greater horseshoe bat', 'Microbat', 'Horse'], array([0.11206175, 0.11691036, 0.10953889]), array([0.00340223, 0.00316374, 0.00331272]))\n",
      "(['Greater horseshoe bat', 'Pig', 'Horse'], array([0.07523135, 0.15906269, 0.14159014]), array([0.00254224, 0.00230173, 0.00249069]))\n",
      "(['Microbat', 'Pig', 'Horse'], array([0.09312464, 0.14072931, 0.13509592]), array([0.00226541, 0.00226841, 0.0022549 ]))\n",
      "                       Greater horseshoe bat  Microbat     Horse       Pig\n",
      "Greater horseshoe bat               0.000000  0.999043  1.156980  1.106314\n",
      "Microbat                            0.999043  0.000000  1.101172  1.142718\n",
      "Horse                               1.156980  1.101172  0.000000  0.632292\n",
      "Pig                                 1.106314  1.142718  0.632292  0.000000\n",
      "\n",
      "Horse Horse\n",
      "(['Greater horseshoe bat', 'Microbat', 'Pig'], array([0.46868713, 0.04042044, 0.00263895]), array([0.01386537, 0.01530041, 0.01514377]))\n",
      "(['Greater horseshoe bat', 'Microbat', 'Horse'], array([0.12183786, 0.11516731, 0.09116762]), array([0.0058604 , 0.00624848, 0.00629996]))\n",
      "(['Greater horseshoe bat', 'Pig', 'Horse'], array([0.00313015, 0.14960345, 0.48421727]), array([0.01067418, 0.01193772, 0.01195445]))\n",
      "(['Microbat', 'Pig', 'Horse'], array([0.04295833, 0.00233657, 0.48416538]), array([0.01301979, 0.01204904, 0.01335392]))\n",
      "                       Greater horseshoe bat  Microbat     Horse       Pig\n",
      "Greater horseshoe bat               0.000000  0.160951  0.656453  1.678634\n",
      "Microbat                            0.160951  0.000000  0.194449  3.396575\n",
      "Horse                               0.656453  0.194449  0.000000  0.155293\n",
      "Pig                                 1.678634  3.396575  0.155293  0.000000\n",
      "\n",
      "Pig Microbat\n",
      "(['Greater horseshoe bat', 'Microbat', 'Pig'], array([0.08881777, 0.1159373 , 0.68539147]), array([0.01398032, 0.01454034, 0.01323586]))\n",
      "(['Greater horseshoe bat', 'Microbat', 'Horse'], array([0.07978476, 0.08444328, 0.69282512]), array([0.01110711, 0.01198232, 0.01149733]))\n",
      "(['Greater horseshoe bat', 'Pig', 'Horse'], array([0.12830198, 0.13336929, 0.22474016]), array([0.0072391 , 0.00709178, 0.00711176]))\n",
      "(['Microbat', 'Pig', 'Horse'], array([0.10537892, 0.6689853 , 0.10128687]), array([0.01193214, 0.01292954, 0.01431059]))\n",
      "                       Greater horseshoe bat   Microbat     Horse       Pig\n",
      "Greater horseshoe bat               0.000000  10.188354  1.170676  1.963872\n",
      "Microbat                           10.188354   0.000000  5.702439  1.609323\n",
      "Horse                               1.170676   5.702439  0.000000  1.307340\n",
      "Pig                                 1.963872   1.609323  1.307340  0.000000\n",
      "\n",
      "Pig Pig\n",
      "(['Greater horseshoe bat', 'Microbat', 'Pig'], array([0.0352184 , 0.02444745, 0.14288876]), array([0.00898709, 0.00903974, 0.00794843]))\n",
      "(['Greater horseshoe bat', 'Microbat', 'Horse'], array([0.02970689, 0.00372678, 0.1354939 ]), array([0.0134231 , 0.00966287, 0.00808798]))\n",
      "(['Greater horseshoe bat', 'Pig', 'Horse'], array([0.01964963, 0.00337849, 0.0945694 ]), array([0.00802401, 0.00742898, 0.00790635]))\n",
      "(['Microbat', 'Pig', 'Horse'], array([0.03131017, 0.14208667, 0.06856792]), array([0.0101359 , 0.00767424, 0.00982235]))\n",
      "                       Greater horseshoe bat  Microbat     Horse       Pig\n",
      "Greater horseshoe bat               0.000000  0.620389  0.016989  0.269298\n",
      "Microbat                            0.620389  0.000000  0.413988  0.275223\n",
      "Horse                               0.016989  0.413988  0.000000  0.132057\n",
      "Pig                                 0.269298  0.275223  0.132057  0.000000\n",
      "\n",
      "Horse Horse\n",
      "(['Greater horseshoe bat', 'Microbat', 'Pig'], array([0.14054538, 0.08149599, 0.060917  ]), array([0.01098543, 0.01021502, 0.00923167]))\n",
      "(['Greater horseshoe bat', 'Microbat', 'Horse'], array([0.07345936, 0.07802701, 0.11726545]), array([0.00554743, 0.00576592, 0.0055831 ]))\n",
      "(['Greater horseshoe bat', 'Pig', 'Horse'], array([0.0382572 , 0.07714083, 0.12951709]), array([0.01031905, 0.00753082, 0.00997051]))\n",
      "(['Microbat', 'Pig', 'Horse'], array([0.08936773, 0.10913416, 0.19226391]), array([0.00593622, 0.00658741, 0.00587265]))\n",
      "                       Greater horseshoe bat  Microbat     Horse       Pig\n",
      "Greater horseshoe bat               0.000000  0.216638  0.183488  0.378043\n",
      "Microbat                            0.216638  0.000000  0.200503  0.475803\n",
      "Horse                               0.183488  0.200503  0.000000  0.164701\n",
      "Pig                                 0.378043  0.475803  0.164701  0.000000\n",
      "\n",
      "Microbat Horse\n",
      "(['Greater horseshoe bat', 'Microbat', 'Pig'], array([0.63908087, 0.24247581, 0.06545365]), array([0.00479517, 0.00313201, 0.00452138]))\n",
      "(['Greater horseshoe bat', 'Microbat', 'Horse'], array([0.45843665, 0.22511091, 0.69630454]), array([0.00476947, 0.0035885 , 0.00476684]))\n",
      "(['Greater horseshoe bat', 'Pig', 'Horse'], array([0.17175187, 0.27750819, 0.26723836]), array([0.00343278, 0.00316551, 0.00328108]))\n",
      "(['Microbat', 'Pig', 'Horse'], array([0.27265913, 0.86133415, 0.43195853]), array([0.00278021, 0.00379954, 0.00382098]))\n",
      "                       Greater horseshoe bat  Microbat     Horse       Pig\n",
      "Greater horseshoe bat               0.000000  5.010547  2.337166  2.267866\n",
      "Microbat                            5.010547  0.000000  7.566419  6.534999\n",
      "Horse                               2.337166  7.566419  0.000000  1.867823\n",
      "Pig                                 2.267866  6.534999  1.867823  0.000000\n",
      "\n",
      "Microbat Horse\n",
      "(['Greater horseshoe bat', 'Microbat', 'Pig'], array([0.20515708, 0.17639923, 0.07701106]), array([0.00192318, 0.00191457, 0.00185555]))\n",
      "(['Greater horseshoe bat', 'Microbat', 'Horse'], array([0.08573188, 0.16022499, 0.09819427]), array([0.00212847, 0.00209392, 0.00200373]))\n",
      "(['Greater horseshoe bat', 'Pig', 'Horse'], array([0.05700063, 0.17390359, 0.19291416]), array([0.00179134, 0.00172803, 0.00178272]))\n",
      "(['Microbat', 'Pig', 'Horse'], array([0.08003985, 0.11985517, 0.17763052]), array([0.00165951, 0.00167292, 0.00164567]))\n",
      "                       Greater horseshoe bat  Microbat     Horse       Pig\n",
      "Greater horseshoe bat               0.000000  0.613413  1.148631  1.231045\n",
      "Microbat                            0.613413  0.000000  0.691672  1.240496\n",
      "Horse                               1.148631  0.691672  0.000000  0.424292\n",
      "Pig                                 1.231045  1.240496  0.424292  0.000000\n",
      "\n",
      "Microbat Microbat\n",
      "(['Greater horseshoe bat', 'Microbat', 'Pig'], array([0.72993933, 0.1116542 , 0.23480111]), array([0.00731909, 0.00694476, 0.00635427]))\n",
      "(['Greater horseshoe bat', 'Microbat', 'Horse'], array([0.56201257, 0.2322683 , 0.21891478]), array([0.00754339, 0.00757308, 0.00636066]))\n",
      "(['Greater horseshoe bat', 'Pig', 'Horse'], array([0.47892347, 0.24394866, 0.15249553]), array([0.00599145, 0.00583099, 0.00627876]))\n",
      "(['Microbat', 'Pig', 'Horse'], array([0.37876784, 0.2360679 , 0.19126912]), array([0.0076319 , 0.00658258, 0.0075422 ]))\n",
      "                       Greater horseshoe bat  Microbat     Horse       Pig\n",
      "Greater horseshoe bat               0.000000  1.367221  1.508006  0.821392\n",
      "Microbat                            1.367221  0.000000  2.746078  3.216130\n",
      "Horse                               1.508006  2.746078  0.000000  2.730318\n",
      "Pig                                 0.821392  3.216130  2.730318  0.000000\n",
      "\n",
      "Pig Microbat\n",
      "(['Greater horseshoe bat', 'Microbat', 'Pig'], array([0.12586579, 0.00185354, 0.15066259]), array([0.00798259, 0.00814232, 0.00794281]))\n",
      "(['Greater horseshoe bat', 'Microbat', 'Horse'], array([0.0061869 , 0.03231674, 0.1617222 ]), array([0.01068605, 0.00875656, 0.01070418]))\n",
      "(['Greater horseshoe bat', 'Pig', 'Horse'], array([0.10218496, 0.00195431, 0.09142294]), array([0.00924816, 0.00925093, 0.00900043]))\n",
      "(['Microbat', 'Pig', 'Horse'], array([0.03869447, 0.05148395, 0.13261812]), array([0.00917628, 0.00996391, 0.00931785]))\n",
      "                       Greater horseshoe bat  Microbat     Horse       Pig\n",
      "Greater horseshoe bat               0.000000  0.529929  0.054492  0.151667\n",
      "Microbat                            0.529929  0.000000  0.104816  0.405522\n",
      "Horse                               0.054492  0.104816  0.000000  0.235317\n",
      "Pig                                 0.151667  0.405522  0.235317  0.000000\n",
      "\n",
      "Pig Horse\n",
      "(['Greater horseshoe bat', 'Microbat', 'Pig'], array([0.45937365, 0.35019525, 0.11338238]), array([0.00664751, 0.00585107, 0.00664369]))\n",
      "(['Greater horseshoe bat', 'Microbat', 'Horse'], array([0.00563272, 0.4632489 , 0.15955405]), array([0.00532512, 0.0044135 , 0.00522969]))\n",
      "(['Greater horseshoe bat', 'Pig', 'Horse'], array([0.00210626, 0.46542145, 0.42661173]), array([0.00616745, 0.006156  , 0.00610841]))\n",
      "(['Microbat', 'Pig', 'Horse'], array([0.00429498, 0.20410998, 0.43863441]), array([0.0051639 , 0.0060244 , 0.00596847]))\n",
      "                       Greater horseshoe bat  Microbat     Horse       Pig\n",
      "Greater horseshoe bat               0.000000  0.990722  3.063642  2.904679\n",
      "Microbat                            0.990722  0.000000  0.786012  3.539119\n",
      "Horse                               3.063642  0.786012  0.000000  0.021946\n",
      "Pig                                 2.904679  3.539119  0.021946  0.000000\n",
      "\n",
      "Horse Microbat\n",
      "(['Greater horseshoe bat', 'Microbat', 'Pig'], array([0.24671067, 0.15908059, 0.75521893]), array([0.01072319, 0.00981373, 0.01080957]))\n",
      "(['Greater horseshoe bat', 'Microbat', 'Horse'], array([0.00376381, 0.06898702, 0.65748055]), array([0.00902896, 0.00733366, 0.01042794]))\n",
      "(['Greater horseshoe bat', 'Pig', 'Horse'], array([0.05045754, 0.14492783, 0.36989991]), array([0.00731548, 0.00794468, 0.00722969]))\n",
      "(['Microbat', 'Pig', 'Horse'], array([0.17073742, 0.72806512, 0.20567386]), array([0.01049315, 0.01123154, 0.01104745]))\n",
      "                       Greater horseshoe bat  Microbat     Horse       Pig\n",
      "Greater horseshoe bat               0.000000  9.913042  1.093840  2.795388\n",
      "Microbat                            9.913042  0.000000  5.419440  3.245680\n",
      "Horse                               1.093840  5.419440  0.000000  1.426058\n",
      "Pig                                 2.795388  3.245680  1.426058  0.000000\n",
      "\n",
      "Microbat Horse\n",
      "(['Greater horseshoe bat', 'Microbat', 'Pig'], array([0.6481524 , 0.34536811, 0.2981775 ]), array([0.00333547, 0.00337078, 0.00292815]))\n",
      "(['Greater horseshoe bat', 'Microbat', 'Horse'], array([0.31584484, 0.28675074, 0.32865273]), array([0.00348694, 0.00349444, 0.00344977]))\n",
      "(['Greater horseshoe bat', 'Pig', 'Horse'], array([0.21602899, 0.4111897 , 0.52429551]), array([0.00289333, 0.00292713, 0.00323523]))\n",
      "(['Microbat', 'Pig', 'Horse'], array([0.23181694, 0.41236648, 0.52337734]), array([0.00285988, 0.00263125, 0.00285241]))\n",
      "                       Greater horseshoe bat  Microbat     Horse       Pig\n",
      "Greater horseshoe bat               0.000000  2.743411  3.015110  3.910134\n",
      "Microbat                            2.743411  0.000000  2.988768  4.996080\n",
      "Horse                               3.015110  2.988768  0.000000  1.760710\n",
      "Pig                                 3.910134  4.996080  1.760710  0.000000\n",
      "\n",
      "Microbat Horse\n",
      "(['Greater horseshoe bat', 'Microbat', 'Pig'], array([0.34279304, 0.08112249, 0.16717208]), array([0.00553864, 0.00557359, 0.00556215]))\n",
      "(['Greater horseshoe bat', 'Microbat', 'Horse'], array([0.15970845, 0.1235005 , 0.19055471]), array([0.00434874, 0.00445803, 0.00449074]))\n",
      "(['Greater horseshoe bat', 'Pig', 'Horse'], array([0.08906334, 0.15625239, 0.30298535]), array([0.00650932, 0.00700954, 0.00703539]))\n",
      "(['Microbat', 'Pig', 'Horse'], array([0.08839092, 0.27431865, 0.27641127]), array([0.0061888 , 0.00642833, 0.0064038 ]))\n",
      "                       Greater horseshoe bat  Microbat     Horse       Pig\n",
      "Greater horseshoe bat               0.000000  1.583799  1.459847  2.291797\n",
      "Microbat                            1.583799  0.000000  2.180195  3.254129\n",
      "Horse                               1.459847  2.180195  0.000000  0.999450\n",
      "Pig                                 2.291797  3.254129  0.999450  0.000000\n",
      "\n",
      "Horse Microbat\n",
      "(['Greater horseshoe bat', 'Microbat', 'Pig'], array([0.00281803, 0.19636835, 0.65480207]), array([0.01320209, 0.01002457, 0.01742677]))\n",
      "(['Greater horseshoe bat', 'Microbat', 'Horse'], array([0.00222495, 0.13293383, 0.86646858]), array([0.01340263, 0.01027943, 0.01462381]))\n",
      "(['Greater horseshoe bat', 'Pig', 'Horse'], array([0.22876181, 0.16238548, 0.52425792]), array([0.00801574, 0.00823246, 0.0076359 ]))\n",
      "(['Microbat', 'Pig', 'Horse'], array([0.24022638, 1.113294  , 0.11804285]), array([0.01075244, 0.01229355, 0.01435042]))\n",
      "                       Greater horseshoe bat  Microbat     Horse       Pig\n",
      "Greater horseshoe bat               0.000000  5.322157  0.597433  1.319744\n",
      "Microbat                            5.322157  0.000000  3.031269  0.382588\n",
      "Horse                               0.597433  3.031269  0.000000  0.976094\n",
      "Pig                                 1.319744  0.382588  0.976094  0.000000\n",
      "\n",
      "Microbat Microbat\n",
      "(['Greater horseshoe bat', 'Microbat', 'Pig'], array([0.12157099, 0.04727848, 0.05209856]), array([0.00553532, 0.00586583, 0.00518465]))\n",
      "(['Greater horseshoe bat', 'Microbat', 'Horse'], array([0.17640918, 0.07428517, 0.05042196]), array([0.00532719, 0.00530588, 0.00487941]))\n",
      "(['Greater horseshoe bat', 'Pig', 'Horse'], array([0.16179106, 0.09172963, 0.13209917]), array([0.0028832 , 0.00287376, 0.00296473]))\n",
      "(['Microbat', 'Pig', 'Horse'], array([0.16757077, 0.1334621 , 0.13699012]), array([0.00323086, 0.00325811, 0.00326294]))\n",
      "                       Greater horseshoe bat  Microbat     Horse       Pig\n",
      "Greater horseshoe bat               0.000000  0.254974  0.324932  0.330469\n",
      "Microbat                            0.254974  0.000000  0.679052  0.553243\n",
      "Horse                               0.324932  0.679052  0.000000  0.497889\n",
      "Pig                                 0.330469  0.553243  0.497889  0.000000\n",
      "\n",
      "Microbat Microbat\n",
      "(['Greater horseshoe bat', 'Microbat', 'Pig'], array([0.26069886, 0.19659541, 0.0091163 ]), array([0.0082039 , 0.00849776, 0.00789389]))\n",
      "(['Greater horseshoe bat', 'Microbat', 'Horse'], array([0.53099445, 0.00363022, 0.05210364]), array([0.01123399, 0.01163667, 0.01029819]))\n",
      "(['Greater horseshoe bat', 'Pig', 'Horse'], array([0.29961086, 0.30796106, 0.00389321]), array([0.01173893, 0.01187501, 0.01188178]))\n",
      "(['Microbat', 'Pig', 'Horse'], array([0.38514965, 0.34003204, 0.0036917 ]), array([0.00893958, 0.00897707, 0.00896611]))\n",
      "                       Greater horseshoe bat  Microbat     Horse       Pig\n",
      "Greater horseshoe bat               0.000000  0.109536  0.665871  0.309038\n",
      "Microbat                            0.109536  0.000000  1.623182  0.390933\n",
      "Horse                               0.665871  1.623182  0.000000  1.252834\n",
      "Pig                                 0.309038  0.390933  1.252834  0.000000\n",
      "\n",
      "Microbat Horse\n",
      "(['Greater horseshoe bat', 'Microbat', 'Pig'], array([0.73402755, 0.37886762, 0.07310479]), array([0.00527232, 0.00479184, 0.00534048]))\n",
      "(['Greater horseshoe bat', 'Microbat', 'Horse'], array([0.45483662, 0.36912339, 0.61643064]), array([0.00427573, 0.00447731, 0.00454838]))\n",
